19
45
47
56
17
22
26
49
89
32
21
18
77
42
24
342
45
27
19
28
24
41
34
25
77
23
16
23
54
26
23
16
90
132
1
19
26
56
16
17
19
37
59
35
53
29
58
22
26
20
420
41
17
158
19
20
19
21
47
60
81
37
32
21
18
20
26
19
26
17
22
237
31
69
32
1
18
27
16
40
17
45
19
25
17
29
61
20
40
29
45
16
43
32
19
39
17
41
16
19
16
19
185
61
19
16
48
22
2
35
19
22
42
24
19
22
23
49
25
1
28
31
1
39
29
17
17
34
16
19
39
19
151
35
31
57
125
89
31
47
51
35
49
335
59
37
35
79
271
43
363
65
31
31
255
83
31
31
549
33
31
159
51
65
49
1
37
93
169
44
28
29
25
39
42
31
91
16
27
19
23
32
83
33
16
16
69
25
38
18
34
20
117
27
20
24
40
24
17
27
28
31
32
16
84
17
23
84
25
20
81
79
30
26
57
25
21
21
40
21
1
23
26
23
57
78
24
28
24
16
20
21
27
29
93
19
17
36
52
16
48
24
57
41
70
37
46
18
25
37
101
27
17
20
108
26
1
115
38
17
20
65
129
42
96
1
1
17
22
33
113
49
20
49
1
1
18
36
120
21
338
17
65
27
160
49
72
19
25
16
22
52
1
32
31
47
41
18
18
71
21
16
27
22
60
1
35
34
20
37
80
29
16
20
90
278
29
16
37
59
38
21
16
87
30
26
68
24
42
119
36
16
25
20
25
1
23
19
20
27
16
127
17
42
19
29
1
24
27
20
18
18
17
1
1
1
31
207
25
36
57
27
51
23
16
54
63
173
18
64
19
29
29
22
19
55
18
34
40
26
27
1
27
27
18
28
58
57
16
21
18
20
29
24
21
18
17
28
83
221
31
21
20
45
19
71
28
31
28
61
27
24
22
18
28
48
36
106
16
16
20
38
21
37
27
18
37
25
16
24
35
22
17
57
1
49
34
23
50
33
24
38
21
64
19
23
54
16
38
35
19
65
27
18
104
17
20
16
30
20
23
20
183
82
25
31
27
19
16
29
20
27
22
42
19
32
32
23
28
28
22
169
20
322
16
23
17
34
27
16
143
25
21
1
30
53
23
34
93
18
16
77
18
16
26
77
32
38
38
23
27
20
25
20
22
38
29
83
23
31
33
25
28
1
158
1
29
1
20
18
42
38
36
67
174
36
36
21
71
27
22
40
65
32
142
64
18
39
111
30
46
21
38
49
34
29
30
23
69
46
16
40
125
1
20
31
58
44
55
61
16
34
19
21
23
22
20
97
19
18
74
24
16
36
26
43
37
25
34
16
20
18
29
27
41
1
25
26
19
28
23
1
50
41
53
18
17
26
27
20
17
134
17
28
1
40
66
228
51
28
19
1
16
50
18
34
59
41
17
16
30
91
42
19
23
229
21
28
37
1
17
26
139
20
23
30
46
19
56
30
16
16
16
21
17
19
27
22
16
21
37
342
24
24
56
23
16
23
1
19
59
19
18
29
26
420
30
20
33
81
32
20
23
22
28
1
19
17
16
29
16
45
18
39
20
16
17
16
132
19
23
22
1
1
40
17
192
39
81
57
49
51
41
37
35
363
83
83
41
31
47
1
37
28
19
31
114
23
65
16
44
34
26
24
48
28
23
17
34
81
33
25
16
1
51
78
112
20
19
19
41
48
48
37
30
101
29
1
36
20
22
1
16
113
1
1
59
338
162
49
20
22
1
47
58
21
21
1
48
80
21
278
21
38
22
26
36
36
26
1
28
16
19
1
26
18
1
1
17
57
24
54
24
19
28
55
32
1
21
28
17
18
47
18
264
31
99
71
35
27
46
48
71
20
47
18
23
35
1
49
56
24
26
23
16
19
40
17
39
23
30
31
23
20
25
32
35
22
37
23
24
143
1
53
17
16
74
77
47
27
28
38
26
33
1
1
1
42
21
36
17
22
20
64
20
46
44
29
21
16
1
31
29
16
43
22
47
74
27
43
155
20
297
1
53
1
16
18
25
17
1
40
35
1
17
34
23
30
22
229
1
17
29
30
34
16
76
23
97
19
16
18
20
27
84
20
57
1
57
16
93
16
70
37
1
17
1
33
1
21
160
1
31
71
19
25
56
32
17
342
41
1
29
29
50
41
30
21
21
26
23
17
18
1
16
19
45
16
17
19
17
20
63
83
28
1
65
25
18
33
53
52
17
25
19
47
28
1
21
38
16
18
38
24
54
17
25
25
27
101
16
53
50
46
