108
118
72
88
366
122
346
92
112
310
311
422
98
112
62
330
116
78
70
622
110
72
190
96
110
258
90
82
128
262
89
68
51
42
60
57
101
107
128
166
34
45
60
146
123
37
37
125
67
70
34
71
41
141
50
40
45
79
70
33
82
43
79
53
298
122
68
39
116
52
36
95
148
61
102
81
40
40
35
58
44
36
177
75
63
71
104
106
138
39
44
43
105
44
74
107
47
50
75
66
72
71
79
103
58
89
162
88
46
119
60
212
41
44
70
129
70
298
149
53
36
37
106
149
56
110
40
33
31
42
63
132
73
36
102
79
58
32
93
220
41
725
31
225
46
212
73
87
37
74
32
52
74
121
51
47
75
69
74
34
91
37
32
46
53
77
140
65
80
51
55
95
76
35
93
107
296
46
35
52
75
80
44
36
109
61
77
87
58
71
137
57
36
49
39
125
151
88
45
35
41
31
144
34
56
45
114
33
48
43
45
33
44
42
304
330
204
324
222
46
70
76
44
73
39
37
73
77
195
70
108
46
83
55
96
59
267
34
64
54
106
64
88
46
60
33
59
74
72
31
74
35
41
74
55
37
33
69
290
157
252
50
83
117
75
81
122
92
64
253
153
62
47
66
61
42
191
64
175
176
75
50
75
66
81
64
34
59
46
34
55
50
76
395
71
68
68
69
77
66
63
42
57
45
82
36
46
74
30
53
56
42
84
65
38
123
32
81
53
59
261
51
88
211
149
41
79
47
40
46
44
53
78
45
69
226
46
90
56
66
53
36
190
55
357
274
169
56
56
75
32
157
43
42
44
47
95
46
49
145
33
43
107
90
76
48
100
64
83
60
82
71
49
51
41
41
60
54
107
37
63
64
50
45
86
182
236
46
211
48
78
67
56
55
113
226
50
52
36
94
46
80
87
83
46
167
85
41
57
129
136
71
109
80
71
53
68
56
42
83
63
37
55
139
60
42
99
83
71
76
86
38
66
60
39
46
44
41
142
36
113
90
54
41
89
44
215
63
178
51
42
120
48
324
86
55
137
41
77
36
178
40
355
64
69
75
36
31
49
81
47
31
162
31
55
126
56
93
261
99
52
44
88
31
76
62
67
85
62
34
61
109
105
62
33
50
249
65
44
69
66
79
61
166
37
40
59
64
51
127
58
34
32
90
283
83
142
694
308
192
344
200
341
142
103
109
193
297
92
207
143
171
130
107
189
87
124
106
129
117
173
174
104
190
156
182
76
93
104
252
189
160
165
92
157
171
114
121
151
199
143
231
184
262
78
205
104
104
121
232
140
52
89
211
64
211
197
77
103
132
100
132
120
128
75
132
59
130
166
107
202
342
89
128
102
159
176
119
202
82
88
178
130
72
176
92
70
112
110
272
178
129
151
326
98
160
110
106
92
146
105
76
129
70
359
409
133
192
203
156
406
109
127
233
239
251
125
147
98
105
89
126
466
311
146
129
99
127
82
104
109
126
103
155
134
320
139
360
120
87
90
131
114
272
226
412
443
112
107
200
101
142
95
178
150
166
148
147
142
120
92
101
161
100
114
54
93
112
126
123
168
276
88
140
167
129
252
98
265
180
151
121
98
146
92
125
141
154
162
104
99
90
183
149
144
130
259
241
93
168
410
56
118
214
90
133
111
80
128
193
86
185
354
151
102
107
129
147
95
214
95
299
658
298
80
296
183
96
65
101
117
122
279
56
83
178
128
105
124
87
88
157
75
63
101
86
99
73
102
133
107
122
85
116
163
86
158
60
55
78
60
202
113
148
133
161
60
63
129
166
62
85
106
119
103
143
107
207
89
155
236
57
98
154
343
186
52
101
191
151
260
492
57
175
93
502
52
260
112
61
82
103
480
81
92
86
91
111
49
67
109
570
111
87
114
91
113
384
65
71
91
100
60
138
109
110
106
172
58
68
145
208
111
61
46
160
74
73
476
62
90
97
212
161
74
110
114
308
67
85
132
740
72
67
116
89
51
89
69
101
54
85
372
327
70
180
93
185
122
287
179
83
83
86
226
204
191
110
95
127
81
76
61
74
71
450
340
100
91
121
86
76
108
55
99
51
87
64
110
77
139
97
82
291
70
280
173
96
65
68
63
112
86
254
67
205
376
310
185
96
90
174
63
238
99
89
141
86
119
121
101
123
101
106
108
94
70
97
77
436
197
185
125
107
104
74
286
103
72
110
67
146
114
182
102
81
158
178
146
114
81
96
110
78
76
155
248
122
126
104
101
89
80
65
63
164
53
186
69
115
